Central Government Market Watch,06.48 GS 2035,06/10/2035,25.00,6.7030,98.4200,98.4350,6.7008,35.00,98.4300,6.7015,10.00,27605.00
Central Government Market Watch,06.68 GS 2040,07/07/2040,10.00,7.1391,95.9000,95.9200,7.1368,5.00,95.9200,7.1368,5.00,4455.00
Central Government Market Watch,06.01 GS 2030,21/07/2030,25.00,6.3109,98.8425,98.8475,6.3096,10.00,98.8475,6.3096,10.00,1695.00
Central Government Market Watch,06.33 GS 2035,05/05/2035,50.00,6.6905,97.5300,97.5600,6.6860,10.00,97.5600,6.6860,10.00,1090.00
Central Government Market Watch,07.10 GS 2029,18/04/2029,10.00,6.0673,102.9525,103.0800,6.0238,35.00,103.0300,6.0409,15.00,700.00
Central Government Market Watch,07.04 GS 2029,03/06/2029,100.00,6.0805,102.8400,102.8775,6.0681,5.00,102.8700,6.0705,190.00,665.00
Central Government Market Watch,07.06 GS 2028,10/04/2028,5.00,5.8072,102.5200,102.5475,5.7938,5.00,102.5400,5.7974,15.00,610.00
Central Government Market Watch,07.18 GS 2033,14/08/2033,5.00,6.7284,102.6300,102.7000,6.7166,15.00,102.6800,6.7199,10.00,580.00
Central Government Market Watch,05.63 GS 2026,12/04/2026,50.00,5.3648,100.0600,100.1000,5.1456,50.00,100.0500,5.4197,100.00,450.00
Central Government Market Watch,06.99 GS 2026,17/04/2026,100.00,5.4745,100.3075,100.3425,5.2969,250.00,100.3200,5.4110,5.00,405.00
Central Government Market Watch,08.60 GS 2028,02/06/2028,100.00,5.8876,105.8000,105.9000,5.8427,10.00,105.8825,5.8506,150.00,400.00
Central Government Market Watch,07.32 GS 2030,13/11/2030,50.00,6.3779,103.8100,103.9000,6.3563,50.00,103.8450,6.3695,100.00,385.00
Central Government Market Watch,06.68 GS 2033,27/01/2033,5.00,6.6796,100.0000,100.0500,6.6705,5.00,100.0400,6.6723,10.00,380.00
Central Government Market Watch,06.19 GS 2034,16/09/2034,10.00,6.7465,96.4000,96.4500,6.7386,5.00,96.4000,6.7465,10.00,380.00
Central Government Market Watch,07.37 GS 2028,23/10/2028,25.00,5.8202,103.8300,103.8800,5.8005,20.00,103.8800,5.8005,25.00,355.00
Central Government Market Watch,No data available in table
Central Government Market Watch,No data available in table
Central Government Market Watch,No data available in table
Central Government Market Watch,No data available in table
Central Government Market Watch,No data available in table
Central Government Market Watch,No data available in table
State Government Market Watch,06.48 GS 2035,06/10/2035,25.00,6.7030,98.4200,98.4350,6.7008,35.00,98.4300,6.7015,10.00,27605.00
State Government Market Watch,06.68 GS 2040,07/07/2040,10.00,7.1391,95.9000,95.9200,7.1368,5.00,95.9200,7.1368,5.00,4455.00
State Government Market Watch,06.01 GS 2030,21/07/2030,25.00,6.3109,98.8425,98.8475,6.3096,10.00,98.8475,6.3096,10.00,1695.00
State Government Market Watch,06.33 GS 2035,05/05/2035,50.00,6.6905,97.5300,97.5600,6.6860,10.00,97.5600,6.6860,10.00,1090.00
State Government Market Watch,07.10 GS 2029,18/04/2029,10.00,6.0673,102.9525,103.0800,6.0238,35.00,103.0300,6.0409,15.00,700.00
State Government Market Watch,07.04 GS 2029,03/06/2029,100.00,6.0805,102.8400,102.8775,6.0681,5.00,102.8700,6.0705,190.00,665.00
State Government Market Watch,07.06 GS 2028,10/04/2028,5.00,5.8072,102.5200,102.5475,5.7938,5.00,102.5400,5.7974,15.00,610.00
State Government Market Watch,07.18 GS 2033,14/08/2033,5.00,6.7284,102.6300,102.7000,6.7166,15.00,102.6800,6.7199,10.00,580.00
State Government Market Watch,05.63 GS 2026,12/04/2026,50.00,5.3648,100.0600,100.1000,5.1456,50.00,100.0500,5.4197,100.00,450.00
State Government Market Watch,06.99 GS 2026,17/04/2026,100.00,5.4745,100.3075,100.3425,5.2969,250.00,100.3200,5.4110,5.00,405.00
State Government Market Watch,08.60 GS 2028,02/06/2028,100.00,5.8876,105.8000,105.9000,5.8427,10.00,105.8825,5.8506,150.00,400.00
State Government Market Watch,07.32 GS 2030,13/11/2030,50.00,6.3779,103.8100,103.9000,6.3563,50.00,103.8450,6.3695,100.00,385.00
State Government Market Watch,06.68 GS 2033,27/01/2033,5.00,6.6796,100.0000,100.0500,6.6705,5.00,100.0400,6.6723,10.00,380.00
State Government Market Watch,06.19 GS 2034,16/09/2034,10.00,6.7465,96.4000,96.4500,6.7386,5.00,96.4000,6.7465,10.00,380.00
State Government Market Watch,07.37 GS 2028,23/10/2028,25.00,5.8202,103.8300,103.8800,5.8005,20.00,103.8800,5.8005,25.00,355.00
State Government Market Watch,07.68 MP SGS 2043,04/02/2043,5.00,7.6312,100.4600,100.5000,7.6270,10.00,100.4700,7.6301,15.00,275.00
State Government Market Watch,07.71 AP SGS 2041,04/02/2041,5.00,7.6590,100.4500,100.6000,7.6421,5.00,100.5500,7.6477,5.00,195.00
State Government Market Watch,07.73 WB SGS 2043,04/02/2043,10.00,7.6800,100.4700,100.6000,7.6662,15.00,100.5500,7.6715,10.00,170.00
State Government Market Watch,07.27 AP SGS 2036,08/10/2036,25.00,7.5091,98.2500,98.6050,7.4598,25.00,98.6000,7.4605,5.00,110.00
State Government Market Watch,07.68 KA SGS 2039,17/01/2039,0.00,0.0000,0.0000,0.0000,0.0000,0.00,101.7200,7.4697,100.00,100.00
State Government Market Watch,07.54 MH SGS 2037,04/02/2037,25.00,7.4994,100.3000,100.3475,7.4930,10.00,100.3200,7.4967,10.00,65.00
State Government Market Watch,07.68 HR SGS 2031,23/11/2031,10.00,7.2057,102.2000,0.0000,0.0000,0.00,102.7000,7.1005,25.00,50.00
State Government Market Watch,07.68 AP SGS 2039,04/02/2039,10.00,7.6493,100.2500,100.7000,7.5943,20.00,100.4100,7.6297,5.00,40.00
State Government Market Watch,07.75 CG SGS 2042,04/02/2042,20.00,7.6569,100.8500,100.9900,7.6417,10.00,101.0000,7.6406,15.00,40.00
State Government Market Watch,07.15 KA SDL 2027,11/01/2027,0.00,0.0000,0.0000,0.0000,0.0000,0.00,101.0675,5.9505,40.00,40.00
State Government Market Watch,06.60 AS SDL 2030 23 DEC,23/12/2030,0.00,0.0000,0.0000,0.0000,0.0000,0.00,97.9000,7.1140,40.00,40.00
State Government Market Watch,07.33 KA SGS 2033,04/02/2033,0.00,0.0000,0.0000,0.0000,0.0000,0.00,100.2000,7.2929,25.00,35.00
State Government Market Watch,07.20 TN SDL 2027 25 JAN,25/01/2027,0.00,0.0000,0.0000,0.0000,0.0000,0.00,101.0500,6.0685,15.00,30.00
State Government Market Watch,06.87 AP SGS 2033,16/07/2033,0.00,0.0000,0.0000,0.0000,0.0000,0.00,97.8500,7.2477,15.00,30.00
State Government Market Watch,07.62 PN SGS 2033,28/01/2033,5.00,7.5168,100.5500,100.6800,7.4926,5.00,100.6000,7.5075,5.00,25.00
State Government Market Watch,No data available in table
State Government Market Watch,No data available in table
State Government Market Watch,No data available in table
State Government Market Watch,No data available in table
State Government Market Watch,No data available in table
T-Bills Market Watch,06.48 GS 2035,06/10/2035,25.00,6.7030,98.4200,98.4350,6.7008,35.00,98.4300,6.7015,10.00,27605.00
T-Bills Market Watch,06.68 GS 2040,07/07/2040,10.00,7.1391,95.9000,95.9200,7.1368,5.00,95.9200,7.1368,5.00,4455.00
T-Bills Market Watch,06.01 GS 2030,21/07/2030,25.00,6.3109,98.8425,98.8475,6.3096,10.00,98.8475,6.3096,10.00,1695.00
T-Bills Market Watch,06.33 GS 2035,05/05/2035,50.00,6.6905,97.5300,97.5600,6.6860,10.00,97.5600,6.6860,10.00,1090.00
T-Bills Market Watch,07.10 GS 2029,18/04/2029,10.00,6.0673,102.9525,103.0800,6.0238,35.00,103.0300,6.0409,15.00,700.00
T-Bills Market Watch,07.04 GS 2029,03/06/2029,100.00,6.0805,102.8400,102.8775,6.0681,5.00,102.8700,6.0705,190.00,665.00
T-Bills Market Watch,07.06 GS 2028,10/04/2028,5.00,5.8072,102.5200,102.5475,5.7938,5.00,102.5400,5.7974,15.00,610.00
T-Bills Market Watch,07.18 GS 2033,14/08/2033,5.00,6.7284,102.6300,102.7000,6.7166,15.00,102.6800,6.7199,10.00,580.00
T-Bills Market Watch,05.63 GS 2026,12/04/2026,50.00,5.3648,100.0600,100.1000,5.1456,50.00,100.0500,5.4197,100.00,450.00
T-Bills Market Watch,06.99 GS 2026,17/04/2026,100.00,5.4745,100.3075,100.3425,5.2969,250.00,100.3200,5.4110,5.00,405.00
T-Bills Market Watch,08.60 GS 2028,02/06/2028,100.00,5.8876,105.8000,105.9000,5.8427,10.00,105.8825,5.8506,150.00,400.00
T-Bills Market Watch,07.32 GS 2030,13/11/2030,50.00,6.3779,103.8100,103.9000,6.3563,50.00,103.8450,6.3695,100.00,385.00
T-Bills Market Watch,06.68 GS 2033,27/01/2033,5.00,6.6796,100.0000,100.0500,6.6705,5.00,100.0400,6.6723,10.00,380.00
T-Bills Market Watch,06.19 GS 2034,16/09/2034,10.00,6.7465,96.4000,96.4500,6.7386,5.00,96.4000,6.7465,10.00,380.00
T-Bills Market Watch,07.37 GS 2028,23/10/2028,25.00,5.8202,103.8300,103.8800,5.8005,20.00,103.8800,5.8005,25.00,355.00
T-Bills Market Watch,No data available in table
T-Bills Market Watch,182 DTB 30072026,30/07/2026,5.00,97.3989,5.5700,5.5200,97.4217,25.00,97.4217,5.5200,5.00,2635.00
T-Bills Market Watch,364 DTB 28012027,28/01/2027,150.00,94.7984,5.6100,5.5900,94.8160,100.00,94.8072,5.6000,5.00,1480.00
T-Bills Market Watch,091 DTB 17042026,17/04/2026,25.00,98.9796,5.3000,5.2800,98.9834,190.00,98.9834,5.2800,5.00,1325.00
T-Bills Market Watch,364 DTB 17092026,17/09/2026,100.00,96.6861,5.5850,5.4000,96.7923,95.00,96.6861,5.5850,100.00,700.00
T-Bills Market Watch,364 DTB 13082026,13/08/2026,25.00,97.1893,5.5850,0.0000,0.0000,0.00,97.1869,5.5900,30.00,630.00
T-Bills Market Watch,091 DTB 07052026,07/05/2026,100.00,98.6837,5.3500,5.3300,98.6886,10.00,98.6886,5.3300,100.00,510.00
T-Bills Market Watch,091 DTB 30042026,30/04/2026,50.00,98.7837,5.3500,5.3000,98.7950,100.00,98.7905,5.3200,160.00,485.00
T-Bills Market Watch,182 DTB 09042026,09/04/2026,100.00,99.0960,5.2850,5.2800,99.0969,100.00,99.0969,5.2800,100.00,360.00
T-Bills Market Watch,182 DTB 17072026,17/07/2026,50.00,97.5917,5.5600,5.5500,97.5959,25.00,97.5959,5.5500,10.00,325.00
T-Bills Market Watch,364 DTB 15012027,15/01/2027,0.00,0.0000,0.0000,0.0000,0.0000,0.00,94.9443,5.6500,100.00,200.00
T-Bills Market Watch,182 DTB 12022026,12/02/2026,5.00,99.9052,4.9500,4.7000,99.9099,50.00,99.9099,4.7000,50.00,190.00
T-Bills Market Watch,364 DTB 21012027,21/01/2027,100.00,94.8952,5.6099,0.0000,0.0000,0.00,94.9038,5.6000,30.00,175.00
T-Bills Market Watch,091 DTB 09042026,09/04/2026,5.00,99.0901,5.3200,5.2600,99.1003,200.00,99.1071,5.2200,5.00,110.00
T-Bills Market Watch,182 DTB 05032026,05/03/2026,0.00,0.0000,0.0000,4.7000,99.6407,100.00,99.6369,4.7500,35.00,100.00
T-Bills Market Watch,364 DTB 20082026,20/08/2026,0.00,0.0000,0.0000,5.5000,97.1313,5.00,97.0908,5.5800,95.00,95.00
T-Bills Market Watch,No data available in table
T-Bills Market Watch,No data available in table
T-Bills Market Watch,No data available in table
T-Bills Market Watch,No data available in table